Starting Dynare (version 4.5.6).
Starting preprocessing of the model file ...
Found 8 equation(s).
Evaluating expressions...done
Computing static model derivatives:
 - order 1
Computing dynamic model derivatives:
 - order 1
 - order 2
Processing outputs ...
done
Preprocessing completed.

STEADY-STATE RESULTS:

pi 		 0.1
x  		 -4.39032e-19
v  		 0
s  		 0
rn 		 0.11005
i  		 0.11005
q  		 2.07167e-16
r  		 0

EIGENVALUES:
         Modulus             Real        Imaginary

       2.099e-17       -2.099e-17                0
          0.4529           0.4529                0
             0.5              0.5                0
          0.7931           0.7931                0
            1.01             1.01                0
           1.176            1.176                0
           2.784            2.784                0


There are 3 eigenvalue(s) larger than 1 in modulus 
for 3 forward-looking variable(s)

The rank condition is verified.


MODEL SUMMARY

  Number of variables:         8
  Number of stochastic shocks: 2
  Number of state variables:   4
  Number of jumpers:           3
  Number of static variables:  2


MATRIX OF COVARIANCE OF EXOGENOUS SHOCKS
Variables       eps_s     eps_i
eps_s        1.000000  0.000000
eps_i        0.000000  1.000000

POLICY AND TRANSITION FUNCTIONS
                                  pi               x               v               s              rn               i               q               r
Constant                    0.100000               0               0               0        0.110050        0.110050               0               0
v(-1)                       0.194271        0.148914        0.148134               0       -0.659062        0.155417       -0.775367       -0.086631
s(-1)                      -0.192366       -0.147454        0.348416        0.500000        0.652600       -0.153893        0.767765        0.085782
q(-1)                      -0.194271       -0.148914       -0.148134               0       -0.340938       -0.155417        0.775367        0.086631
pi(-1)                      0.322430       -0.387292       -0.384434               0       -0.058197        0.257944       -0.068467        0.215366
eps_s                       0.384732        0.294908       -0.696832       -1.000000       -1.305201        0.307786       -1.535530       -0.171564
eps_i                      -0.298470       -0.587933       -0.590930               0       -0.883549        0.761224       -1.039469        0.770322


THEORETICAL MOMENTS
VARIABLE         MEAN  STD. DEV.   VARIANCE
pi             0.1000     1.1063     1.2238
x              0.0000     0.7009     0.4913
v              0.0000     1.0347     1.0705
s              0.0000     1.1547     1.3333
rn             0.1101     1.9468     3.7899
i              0.1101     1.1427     1.3057
q              0.0000     3.2919    10.8368
r              0.0000     0.8019     0.6431



VARIANCE DECOMPOSITION (in percent)
       eps_s   eps_i
pi     86.97   13.03
x      21.33   78.67
v      63.61   36.39
s     100.00    0.00
rn     62.92   37.08
i      52.17   47.83
q      83.47   16.53
r       5.66   94.34



MATRIX OF CORRELATIONS
Variables        pi       x       v       s      rn       i       q       r
pi           1.0000  0.4953 -0.3768 -0.6452  0.2722  0.5384 -0.8097 -0.4076
x            0.4953  1.0000  0.1733 -0.4575  0.2454 -0.3504 -0.0841 -0.9569
v           -0.3768  0.1733  1.0000  0.7965  0.6479 -0.7917  0.7549 -0.3885
s           -0.6452 -0.4575  0.7965  1.0000  0.4340 -0.4997  0.7333  0.2371
rn           0.2722  0.2454  0.6479  0.4340  1.0000 -0.1864  0.0718 -0.3715
i            0.5384 -0.3504 -0.7917 -0.4997 -0.1864  1.0000 -0.9035  0.5249
q           -0.8097 -0.0841  0.7549  0.7333  0.0718 -0.9035  1.0000 -0.1158
r           -0.4076 -0.9569 -0.3885  0.2371 -0.3715  0.5249 -0.1158  1.0000



COEFFICIENTS OF AUTOCORRELATION
Order         1       2       3       4       5
pi       0.8516  0.7019  0.5687  0.4564  0.3644
x       -0.0947 -0.0474 -0.0250 -0.0142 -0.0087
v        0.2570  0.1471  0.0849  0.0499  0.0302
s        0.5000  0.2500  0.1250  0.0625  0.0312
rn      -0.1094  0.0349 -0.0009 -0.0137 -0.0167
i        0.5053  0.4798  0.4163  0.3464  0.2820
q        0.8075  0.6814  0.5590  0.4517  0.3621
r       -0.0896 -0.0406 -0.0184 -0.0083 -0.0038
Total computing time : 0h00m00s
