Starting Dynare (version 4.5.6).
Starting preprocessing of the model file ...
Found 10 equation(s).
Evaluating expressions...done
Computing static model derivatives:
 - order 1
Computing dynamic model derivatives:
 - order 1
 - order 2
Processing outputs ...
done
Preprocessing completed.

STEADY-STATE RESULTS:

pi      		 0.08
x       		 -0.0008
i       		 0.0900503
v       		 -0.101053
s       		 -0.00101053
r       		 0.0100503
rn      		 0.0900503
q       		 1.38778e-16
v_star  		 -0.101053
pi_star 		 0.08

EIGENVALUES:
         Modulus             Real        Imaginary

       4.703e-17       -4.703e-17                0
       1.014e-16       -1.014e-16                0
          0.2926           0.2926                0
          0.8081           0.8081                0
            1.01             1.01                0
           1.176            1.176                0
           1.667            1.667                0
           2.071            2.071                0


There are 4 eigenvalue(s) larger than 1 in modulus 
for 4 forward-looking variable(s)

The rank condition is verified.


MODEL SUMMARY

  Number of variables:         10
  Number of stochastic shocks: 1
  Number of state variables:   4
  Number of jumpers:           4
  Number of static variables:  3


MATRIX OF COVARIANCE OF EXOGENOUS SHOCKS
Variables       eps_i
eps_i        1.000000

POLICY AND TRANSITION FUNCTIONS
                                  pi               x               i               v               s               r              rn               q          v_star         pi_star
Constant                    0.080000       -0.000800        0.090050       -0.101053       -0.001011        0.010050        0.090050               0       -0.101053        0.080000
v(-1)                              0               0               0        1.010101               0               0               0               0        1.010101       -1.000000
q(-1)                              0               0               0       -1.010101               0               0       -1.000000               0       -1.010101               0
v_star(-1)                         0               0               0       -0.202020        0.200000               0               0               0       -0.202020        1.000000
pi(-1)                      0.292642       -0.499498        0.438964       -0.366633       -0.426338        0.353324       -0.496662       -0.584308       -0.366633        0.292642
eps_i                      -0.292642       -0.500502        0.561036        0.518148       -0.573662        0.646676       -0.353338       -0.415692        0.518148       -0.292642


THEORETICAL MOMENTS
VARIABLE         MEAN  STD. DEV.   VARIANCE
pi             0.0800     0.3060     0.0937
x             -0.0008     0.5233     0.2739
i              0.0901     0.5769     0.3328
v             -0.1011     1.4606     2.1334
s             -0.0010     0.6889     0.4745
r              0.0101     0.6557     0.4299
rn             0.0901     0.6765     0.4577
q              0.0000     0.4525     0.2048
v_star        -0.1011     1.4606     2.1334
pi_star        0.0800     0.3060     0.0937



MATRIX OF CORRELATIONS
Variables         pi        x        i        v        s        r       rn        q   v_star  pi_star
pi            1.0000   0.8290  -0.8618  -0.5652   0.6707  -0.8949   0.2844   0.7628  -0.5652   1.0000
x             0.8290   1.0000  -0.9981  -0.1137   0.9218  -0.9915   0.7142   0.9940  -0.1137   0.8290
i            -0.8618  -0.9981   1.0000   0.1652  -0.9098   0.9976  -0.6791  -0.9854   0.1652  -0.8618
v            -0.5652  -0.1137   0.1652   1.0000   0.2147   0.2225   0.2480  -0.0207   1.0000  -0.5652
s             0.6707   0.9218  -0.9098   0.2147   1.0000  -0.8921   0.6339   0.9346   0.2147   0.6707
r            -0.8949  -0.9915   0.9976   0.2225  -0.8921   1.0000  -0.6363  -0.9712   0.2225  -0.8949
rn            0.2844   0.7142  -0.6791   0.2480   0.6339  -0.6363   1.0000   0.7702   0.2480   0.2844
q             0.7628   0.9940  -0.9854  -0.0207   0.9346  -0.9712   0.7702   1.0000  -0.0207   0.7628
v_star       -0.5652  -0.1137   0.1652   1.0000   0.2147   0.2225   0.2480  -0.0207   1.0000  -0.5652
pi_star       1.0000   0.8290  -0.8618  -0.5652   0.6707  -0.8949   0.2844   0.7628  -0.5652   1.0000



COEFFICIENTS OF AUTOCORRELATION
Order           1       2       3       4       5
pi         0.2926  0.0856  0.0251  0.0073  0.0021
x         -0.2422 -0.0709 -0.0207 -0.0061 -0.0018
i         -0.2007 -0.0587 -0.0172 -0.0050 -0.0015
v          0.8580  0.6361  0.4973  0.3970  0.3193
s         -0.0360 -0.1095 -0.0405 -0.0187 -0.0110
r         -0.1476 -0.0432 -0.0126 -0.0037 -0.0011
rn        -0.5791  0.0565  0.0165  0.0048  0.0014
q         -0.3014 -0.0882 -0.0258 -0.0076 -0.0022
v_star     0.8580  0.6361  0.4973  0.3970  0.3193
pi_star    0.2926  0.0856  0.0251  0.0073  0.0021
Total computing time : 0h00m00s
