Starting Dynare (version 4.5.6).
Starting preprocessing of the model file ...
Found 8 equation(s).
Evaluating expressions...done
Computing static model derivatives:
 - order 1
Computing dynamic model derivatives:
 - order 1
 - order 2
Processing outputs ...
done
Preprocessing completed.

STEADY-STATE RESULTS:

pi 		 0.08
x  		 -0.0008
i  		 0.0900503
v  		 2.97381e-17
s  		 0
r  		 0
rn 		 0.0900503
q  		 2.08167e-16

EIGENVALUES:
         Modulus             Real        Imaginary

       1.513e-17       -1.513e-17                0
          0.2926           0.2926                0
          0.6601           0.6601                0
           1.176            1.176                0
           1.667            1.667                0
           2.071            2.071                0


There are 3 eigenvalue(s) larger than 1 in modulus 
for 3 forward-looking variable(s)

The rank condition is verified.


MODEL SUMMARY

  Number of variables:         8
  Number of stochastic shocks: 2
  Number of state variables:   3
  Number of jumpers:           3
  Number of static variables:  3


MATRIX OF COVARIANCE OF EXOGENOUS SHOCKS
Variables       eps_s     eps_i
eps_s        1.000000  0.000000
eps_i        0.000000  1.000000

POLICY AND TRANSITION FUNCTIONS
                                  pi               x               i               v               s               r              rn               q
Constant                    0.080000       -0.000800        0.090050               0               0               0        0.090050               0
v(-1)                              0               0               0        0.660101        0.350000               0               0               0
q(-1)                              0               0               0       -1.000000               0               0       -1.000000               0
pi(-1)                      0.292642       -0.499498        0.438964       -0.906361        0.117057        0.353324       -0.496662       -0.584308
eps_s                              0               0               0       -1.000000        1.000000               0               0               0
eps_i                      -0.292642       -0.500502        0.561036        0.056361       -0.117057        0.646676       -0.353338       -0.415692


THEORETICAL MOMENTS
VARIABLE         MEAN  STD. DEV.   VARIANCE
pi             0.0800     0.3060     0.0937
x             -0.0008     0.5233     0.2739
i              0.0901     0.5769     0.3328
v              0.0000     1.5874     2.5199
s              0.0000     1.1473     1.3163
r              0.0000     0.6557     0.4299
rn             0.0901     0.6765     0.4577
q             -0.0000     0.4525     0.2048



VARIANCE DECOMPOSITION (in percent)
       eps_s   eps_i
pi      0.00  100.00
x       0.00  100.00
i       0.00  100.00
v      70.33   29.67
s      92.46    7.54
r       0.00  100.00
rn      0.00  100.00
q       0.00  100.00



MATRIX OF CORRELATIONS
Variables        pi       x       i       v       s       r      rn       q
pi           1.0000  0.8290 -0.8618 -0.1843  0.0806 -0.8949  0.2844  0.7628
x            0.8290  1.0000 -0.9981  0.1161  0.1145 -0.9915  0.7142  0.9940
i           -0.8618 -0.9981  1.0000 -0.0851 -0.1127  0.9976 -0.6791 -0.9854
v           -0.1843  0.1161 -0.0851  1.0000 -0.2570 -0.0497  0.3015  0.1704
s            0.0806  0.1145 -0.1127 -0.2570  1.0000 -0.1102 -0.0048  0.1167
r           -0.8949 -0.9915  0.9976 -0.0497 -0.1102  1.0000 -0.6363 -0.9712
rn           0.2844  0.7142 -0.6791  0.3015 -0.0048 -0.6363  1.0000  0.7702
q            0.7628  0.9940 -0.9854  0.1704  0.1167 -0.9712  0.7702  1.0000



COEFFICIENTS OF AUTOCORRELATION
Order         1       2       3       4       5
pi       0.2926  0.0856  0.0251  0.0073  0.0021
x       -0.2422 -0.0709 -0.0207 -0.0061 -0.0018
i       -0.2007 -0.0587 -0.0172 -0.0050 -0.0015
v        0.6437  0.4136  0.2697  0.1771  0.1166
s       -0.1219 -0.1043 -0.0667 -0.0434 -0.0285
r       -0.1476 -0.0432 -0.0126 -0.0037 -0.0011
rn      -0.5791  0.0565  0.0165  0.0048  0.0014
q       -0.3014 -0.0882 -0.0258 -0.0076 -0.0022
Total computing time : 0h00m00s
