Starting Dynare (version 4.5.6).
Starting preprocessing of the model file ...
Found 6 equation(s).
Evaluating expressions...done
Computing static model derivatives:
 - order 1
Computing dynamic model derivatives:
 - order 1
 - order 2
Processing outputs ...
done
Preprocessing completed.

STEADY-STATE RESULTS:

pi 		 0.08
x  		 -4.33681e-19
i  		 0.0900503
v  		 3.06219e-17
s  		 3.09312e-19
r  		 0

EIGENVALUES:
         Modulus             Real        Imaginary

          0.2897           0.2897                0
          0.6601           0.6601                0
           1.655            1.655                0
           2.086            2.086                0


There are 2 eigenvalue(s) larger than 1 in modulus 
for 2 forward-looking variable(s)

The rank condition is verified.


MODEL SUMMARY

  Number of variables:         6
  Number of stochastic shocks: 2
  Number of state variables:   2
  Number of jumpers:           2
  Number of static variables:  3


MATRIX OF COVARIANCE OF EXOGENOUS SHOCKS
Variables       eps_s     eps_i
eps_s        1.000000  0.000000
eps_i        0.000000  1.000000

POLICY AND TRANSITION FUNCTIONS
                                  pi               x               i               v               s               r
Constant                    0.080000               0        0.090050               0               0               0
v(-1)                              0               0               0        0.660101        0.350000               0
pi(-1)                      0.289717       -0.493662        0.434576        0.028972        0.115887        0.350640
eps_s                              0               0               0       -1.000000        1.000000               0
eps_i                      -0.292644       -0.501351        0.561034        0.970736       -0.117057        0.645818


THEORETICAL MOMENTS
VARIABLE         MEAN  STD. DEV.   VARIANCE
pi             0.0800     0.3058     0.0935
x             -0.0000     0.5236     0.2741
i              0.0901     0.5766     0.3324
v              0.0000     1.8489     3.4186
s              0.0000     1.1855     1.4053
r              0.0000     0.6547     0.4286



VARIANCE DECOMPOSITION (in percent)
       eps_s   eps_i
pi      0.00  100.00
x       0.00  100.00
i       0.00  100.00
v      51.84   48.16
s      86.61   13.39
r       0.00  100.00



MATRIX OF CORRELATIONS
Variables        pi       x       i       v       s       r
pi           1.0000  0.8330 -0.8646 -0.6196  0.0052 -0.8967
x            0.8330  1.0000 -0.9982 -0.3862  0.1834 -0.9918
i           -0.8646 -0.9982  1.0000  0.4177 -0.1671  0.9977
v           -0.6196 -0.3862  0.4177  1.0000 -0.1614  0.4517
s            0.0052  0.1834 -0.1671 -0.1614  1.0000 -0.1479
r           -0.8967 -0.9918  0.9977  0.4517 -0.1479  1.0000



COEFFICIENTS OF AUTOCORRELATION
Order         1       2       3       4       5
pi       0.2897  0.0839  0.0243  0.0070  0.0020
x       -0.2401 -0.0696 -0.0202 -0.0058 -0.0017
i       -0.1993 -0.0577 -0.0167 -0.0048 -0.0014
v        0.6571  0.4329  0.2855  0.1884  0.1243
s       -0.0880 -0.0581 -0.0384 -0.0253 -0.0167
r       -0.1469 -0.0425 -0.0123 -0.0036 -0.0010
Total computing time : 0h00m00s
