Starting Dynare (version 4.5.6).
Starting preprocessing of the model file ...
Found 44 equation(s).
Evaluating expressions...done
Computing static model derivatives:
 - order 1
Computing dynamic model derivatives:
 - order 1
 - order 2
Processing outputs ...
done
Preprocessing completed.
[Warning: Some of the parameters have no value (ccs, cinvs, crdpi) when using
steady. If these parameters are not initialized in a steadystate file or a
steady_state_model-block, Dynare may not be able to solve the model...] 

STEADY-STATE RESULTS:

labobs  		 0.5509
robs    		 2.73374
pinfobs 		 2
dy      		 0.4
dc      		 0.4
dinve   		 0.4
dw      		 0.4
ewma    		 0
epinfma 		 0
zcapf   		 0
rkf     		 0
kf      		 0
pkf     		 0
cf      		 0
invef   		 0
yf      		 0
labf    		 0
wf      		 0
rrf     		 1.81908e-18
mc      		 -4.67537e-16
zcap    		 2.4333e-15
rk      		 2.92876e-15
k       		 1.79732e-18
pk      		 0
c       		 8.94387e-15
inve    		 -2.43151e-15
y       		 5.4587e-15
lab     		 4.47061e-15
pinf    		 2
w       		 -1.54005e-15
r       		 1.13034e-15
a       		 0
b       		 2.23007e-19
g       		 0
qs      		 0
ms      		 4.81757e-18
spinf   		 1.51939e-17
sw      		 3.15766e-17
kpf     		 0
kp      		 -2.43151e-15
rr      		 0.733743
v       		 -6.24207e-16
s       		 3.11071e-16
vstar   		 1.88042e-13

EIGENVALUES:
         Modulus             Real        Imaginary

       1.989e-18        1.873e-18       -6.698e-19
        1.53e-17       -1.529e-17        5.517e-19
       2.908e-17       -2.908e-17       -5.277e-19
       3.351e-17       -3.351e-17        1.253e-19
          0.1479           0.1479        1.065e-17
          0.2194           0.2194        2.085e-17
          0.2398           0.2398       -1.659e-22
          0.5008           0.5008       -2.123e-17
          0.5179           0.5179        7.284e-17
          0.6572           0.6572       -7.207e-17
          0.7113           0.7113       -5.501e-20
           0.821            0.821       -2.826e-17
          0.8288           0.8288        -1.87e-17
          0.8498           0.8498       -9.398e-18
          0.8895           0.8895       -1.006e-16
          0.9131           0.9102          0.07207
          0.9131           0.9102         -0.07207
          0.9577           0.9577       -3.999e-17
          0.9688           0.9688       -3.642e-17
          0.9713           0.9713        2.128e-16
          0.9742           0.9742       -6.285e-17
          0.9767           0.9767       -7.204e-17
           1.002            1.002                0
           1.044            1.044                0
           1.046            1.046                0
           1.172            1.153          -0.2137
           1.172            1.153           0.2137
            1.23             1.23       -4.541e-17
           1.302            1.302                0
       2.264e+16        2.264e+16                0
       2.714e+16        2.703e+16       -2.448e+15
       6.317e+16       -6.317e+16                0
       2.564e+17       -2.564e+17                0
       8.989e+17        8.989e+17                0
             Inf              Inf                0


There are 13 eigenvalue(s) larger than 1 in modulus 
for 13 forward-looking variable(s)

The rank condition is verified.

[Warning: Some of the parameters have no value (ccs, cinvs, crdpi) when using
stoch_simul. If these parameters are not initialized in a steadystate file or a
steady_state_model-block, Dynare may not be able to solve the model...] 

MODEL SUMMARY

  Number of variables:         44
  Number of stochastic shocks: 8
  Number of state variables:   22
  Number of jumpers:           13
  Number of static variables:  15


MATRIX OF COVARIANCE OF EXOGENOUS SHOCKS
Variables          ea        eb        eg       eqs        em     epinf        ew     eps_s
ea           0.000000  0.000000  0.000000  0.000000  0.000000  0.000000  0.000000  0.000000
eb           0.000000  0.000000  0.000000  0.000000  0.000000  0.000000  0.000000  0.000000
eg           0.000000  0.000000  0.000000  0.000000  0.000000  0.000000  0.000000  0.000000
eqs          0.000000  0.000000  0.000000  0.000000  0.000000  0.000000  0.000000  0.000000
em           0.000000  0.000000  0.000000  0.000000  0.057456  0.000000  0.000000  0.000000
epinf        0.000000  0.000000  0.000000  0.000000  0.000000  0.000000  0.000000  0.000000
ew           0.000000  0.000000  0.000000  0.000000  0.000000  0.000000  0.000000  0.000000
eps_s        0.000000  0.000000  0.000000  0.000000  0.000000  0.000000  0.000000  0.057456

POLICY AND TRANSITION FUNCTIONS
                              labobs            robs         pinfobs              dy              dc           dinve              dw            ewma         epinfma           zcapf             rkf              kf             pkf              cf           invef              yf            labf              wf             rrf              mc            zcap              rk               k              pk               c            inve               y             lab            pinf               w               r               a               b               g              qs              ms           spinf              sw             kpf              kp              rr               v               s           vstar
Constant                    0.550900        2.733743        2.000000        0.400000        0.400000        0.400000        0.400000               0               0               0               0               0               0               0               0               0               0               0               0               0               0               0               0               0               0               0               0               0        2.000000               0               0               0               0               0               0               0               0               0               0               0        0.733743               0               0               0
ewma(-1)                   -6.779843       -3.526049      -10.274874      -10.568118       -7.850507      -20.360777       -6.314015               0               0               0               0               0               0               0               0               0               0               0               0       -6.515099       -5.941993       -7.151865       -5.941993      -37.444270       -7.850507      -20.360777      -10.568118       -6.779843      -10.274874       -6.314015       -3.526049               0               0               0               0               0               0       -0.850300               0       -0.588110        9.107858        9.592339       -2.827645        2.832331
epinfma(-1)                -1.077980       -0.588254       -3.724120       -0.973451       -1.703189       -0.732377        3.036278               0               0               0               0               0               0               0               0               0               0               0               0        2.564281        0.888676        1.069622        0.888676       -7.177628       -1.703189       -0.732377       -0.973451       -1.077980       -3.724120        3.036278       -0.588254               0               0               0               0               0       -0.701000               0               0       -0.021154        3.247598        4.167637       -1.024878        1.026576
yf(-1)                     -0.143536        0.169219       -0.050471       -0.209971       -0.197107       -0.320707       -0.054990               0               0               0               0               0               0               0               0               0               0               0               0       -0.067816       -0.090091       -0.108435       -0.090091       -0.722295       -0.197107       -0.320707       -0.209971       -0.143536       -0.050471       -0.054990        0.169219               0               0               0               0               0               0               0               0       -0.009263        0.230329        0.233966       -0.013890        0.013913
y(-1)                       0.143536       -0.169219        0.050471       -0.790029        0.197107        0.320707        0.054990               0               0               0               0               0               0               0               0               0               0               0               0        0.067816        0.090091        0.108435        0.090091        0.722295        0.197107        0.320707        0.209971        0.143536        0.050471        0.054990       -0.169219               0               0               0               0               0               0               0               0        0.009263       -0.230329       -0.233966        0.013890       -0.013913
r(-1)                      -0.517611        0.610229       -0.182004       -0.757185       -0.710797       -1.156514       -0.198300               0               0               0               0               0               0               0               0               0               0               0               0       -0.244555       -0.324880       -0.391030       -0.324880       -2.604697       -0.710797       -1.156514       -0.757185       -0.517611       -0.182004       -0.198300        0.610229               0               0               0               0               0               0               0               0       -0.033405        0.830600        0.843716       -0.050088        0.050171
a(-1)                      -1.130232       -0.211095       -0.251139       -0.026171        0.026354        0.337343        0.074194               0               0        0.211734        0.254846        0.211734        2.904693        0.721103        1.217853        0.749514       -0.713074        1.179654       -1.273399       -1.039746       -0.479230       -0.576808       -0.479230        0.126834        0.026354        0.337343       -0.026171       -1.130232       -0.251139        0.074194       -0.211095        0.957700               0               0               0               0               0               0        0.035177        0.009744        0.074390        0.109337       -0.069113        0.069228
b(-1)                       0.292515        0.103723        0.026352        0.419263        0.498052        0.369353        0.062676               0               0               0               0               0               0               0               0               0               0               0        1.789652        0.094195        0.161186        0.194005        0.161186        2.053208        0.498052        0.369353        0.419263        0.292515        0.026352        0.062676        0.103723               0        0.219400               0               0               0               0               0               0        0.010669        0.073372        0.070235        0.007252       -0.007264
g(-1)                       0.755237        0.086317        0.112700        1.062299       -0.006348        0.009808        0.046434               0               0        0.211603        0.254689        0.211603       -1.024013       -0.314287       -0.410119        0.749051        0.546720       -0.080428        0.482126        0.140379        0.363798        0.437873        0.363798        0.128057       -0.006348        0.009808        1.062299        0.755237        0.112700        0.046434        0.086317               0               0        0.976700               0               0               0               0       -0.011846        0.000283       -0.050433        0.920825        0.031015       -0.031067
qs(-1)                      0.455379        0.063723        0.063730        0.653329       -0.006995        2.761138        0.101182               0               0        0.117074        0.140911        0.117074       -1.576101       -0.173885        2.272619        0.414427        0.302483       -0.044498       -0.229891        0.149857        0.252567        0.303994        0.252567       -1.064552       -0.006995        2.761138        0.653329        0.455379        0.063730        0.101182        0.063723               0               0               0        0.711300               0               0               0        0.184947        0.199057       -0.011741       -0.017574        0.017539       -0.017568
ms(-1)                     -0.110652        0.104967       -0.040234       -0.162022       -0.150219       -0.252338       -0.043280               0               0               0               0               0               0               0               0               0               0               0               0       -0.053071       -0.069854       -0.084077       -0.069854       -0.546424       -0.150219       -0.252338       -0.162022       -0.110652       -0.040234       -0.043280        0.104967               0               0               0               0        0.147900               0               0               0       -0.007289        0.153708        0.156532       -0.011072        0.011091
spinf(-1)                   1.367851        0.746437        4.725541        1.235213        2.161179        0.929315       -3.852739               0               0               0               0               0               0               0               0               0               0               0               0       -3.253820       -1.127642       -1.357246       -1.127642        9.107704        2.161179        0.929315        1.235213        1.367851        4.725541       -3.852739        0.746437               0               0               0               0               0        0.889500               0               0        0.026843       -4.120882       -5.288321        1.300469       -1.302624
sw(-1)                      7.724699        4.017448       11.706807       12.040918        8.944574       23.198308        7.193953               0               0               0               0               0               0               0               0               0               0               0               0        7.423060        6.770084        8.148567        6.770084       42.662600        8.944574       23.198308       12.040918        7.724699       11.706807        7.193953        4.017448               0               0               0               0               0               0        0.968800               0        0.670071      -10.377153      -10.929152        3.221713       -3.227052
kpf(-1)                     0.031326        0.014610        0.025008        0.045834        0.038580        0.082401        0.012057               0               0       -0.455171       -0.547851        0.544829        0.309272        0.143786        0.081258       -0.004855       -0.176028        0.173006       -0.184842        0.014850        0.019687        0.023696        0.019687        0.124006        0.038580        0.082401        0.045834        0.031326        0.025008        0.012057        0.014610               0               0               0               0               0               0               0        0.973463        0.002380       -0.016166       -0.017308        0.006882       -0.006894
kp(-1)                     -0.289084       -0.054942       -0.084861       -0.194231       -0.021611       -0.184905       -0.007434               0               0               0               0               0               0               0               0               0               0               0               0       -0.175608       -0.588360       -0.708158        0.411640       -0.296891       -0.021611       -0.184905       -0.194231       -0.289084       -0.084861       -0.007434       -0.054942               0               0               0               0               0               0               0               0        0.965775        0.046177        0.053360       -0.023354        0.023392
v(-1)                              0               0               0               0               0               0               0               0               0               0               0               0               0               0               0               0               0               0               0               0               0               0               0               0               0               0               0               0               0               0               0               0               0               0               0               0               0               0               0               0               0        0.500828               0               0
vstar(-1)                   0.142910        0.065958        0.173459        0.205050        0.182358        0.351110        0.031856               0               0               0               0               0               0               0               0               0               0               0               0        0.047120        0.079309        0.095457        0.079309        0.583407        0.182358        0.351110        0.205050        0.142910        0.173459        0.031856        0.065958               0               0               0               0               0               0               0               0        0.010142       -0.148990       -0.155494        0.047736        0.953842
cf(-1)                      0.005206       -0.076460       -0.005162        0.007075        0.013616       -0.007373       -0.001093               0               0        0.090891        0.109397        0.090891       -0.845270        0.575462       -0.219895        0.321742        0.234834       -0.034546        0.463420       -0.000292        0.001866        0.002246        0.001866        0.066735        0.013616       -0.007373        0.007075        0.005206       -0.005162       -0.001093       -0.076460               0               0               0               0               0               0               0       -0.006352       -0.000213       -0.070034       -0.069993       -0.001421        0.001423
invef(-1)                   0.009171       -0.030120        0.002202        0.013205        0.014526        0.014725        0.002311               0               0        0.039218        0.047203        0.039218       -0.418724       -0.058248        0.761286        0.138826        0.101326       -0.014906        0.164949        0.003262        0.005210        0.006271        0.005210        0.057680        0.014526        0.014725        0.013205        0.009171        0.002202        0.002311       -0.030120               0               0               0               0               0               0               0        0.021989        0.000425       -0.032779       -0.032983        0.000606       -0.000607
c(-1)                       0.344209        0.119355        0.022491        0.485526       -0.252097       -0.031038        0.028992               0               0               0               0               0               0               0               0               0               0               0               0        0.070956        0.169358        0.203842        0.169358       -0.160906        0.747903       -0.031038        0.485526        0.344209        0.022491        0.028992        0.119355               0               0               0               0               0               0               0               0       -0.000897        0.093200        0.090824        0.006190       -0.006200
inve(-1)                    0.143047        0.049369        0.005786        0.202213        0.005906       -0.160546        0.014541               0               0               0               0               0               0               0               0               0               0               0               0        0.031709        0.071514        0.086075        0.071514       -0.166292        0.005906        0.839454        0.202213        0.143047        0.005786        0.014541        0.049369               0               0               0               0               0               0               0               0        0.024247        0.042997        0.042061        0.001592       -0.001595
pinf(-1)                   -0.032160        0.023328        0.251340       -0.002117       -0.022086       -0.055070        0.244477               0               0               0               0               0               0               0               0               0               0               0               0        0.213635        0.096349        0.115967        0.096349       -0.018316       -0.022086       -0.055070       -0.002117       -0.032160        0.251340        0.244477        0.023328               0               0               0               0               0               0               0               0       -0.001591       -0.040306       -0.297672        0.069169       -0.069283
w(-1)                      -0.036729        0.027858        0.071639        0.087240        0.002563        0.016051       -0.208328               0               0               0               0               0               0               0               0               0               0               0               0        0.700635        0.342593        0.412350        0.342593        0.123033        0.002563        0.016051        0.087240       -0.036729        0.071639        0.791672        0.027858               0               0               0               0               0               0               0               0        0.000464       -0.042882       -0.063602        0.019715       -0.019748
ea                         -0.779066       -0.174578       -0.202379        0.536832        0.024147        0.357452        0.102131               0               0        0.333463        0.401361        0.333463        2.489162        0.586043        1.053841        1.180421       -0.454220        1.189044       -1.073598       -1.011118       -0.307193       -0.369742       -0.307193        0.200444        0.024147        0.357452        0.536832       -0.779066       -0.202379        0.102131       -0.174578        1.000000               0        0.518700               0               0               0               0        0.030440        0.010325        0.050891        0.603193       -0.055695        0.055787
eb                          1.333248        0.472757        0.120111        1.910954        2.270064        1.683466        0.285670               0               0               0               0               0               0               0               0               0               0               0        8.157027        0.429330        0.734665        0.884253        0.734665        9.358287        2.270064        1.683466        1.910954        1.333248        0.120111        0.285670        0.472757               0        1.000000               0               0               0               0               0               0        0.048626        0.334420        0.320121        0.033055       -0.033109
eg                          0.773254        0.088377        0.115389        1.087641       -0.006500        0.010042        0.047542               0               0        0.216651        0.260764        0.216651       -1.048441       -0.321785       -0.419902        0.766921        0.559762       -0.082347        0.493627        0.143728        0.372477        0.448318        0.372477        0.131112       -0.006500        0.010042        1.087641        0.773254        0.115389        0.047542        0.088377               0               0        1.000000               0               0               0               0       -0.012129        0.000290       -0.051636        0.942792        0.031755       -0.031808
eqs                         0.640206        0.089587        0.089597        0.918500       -0.009834        3.881819        0.142250               0               0        0.164591        0.198104        0.164591       -2.215803       -0.244461        3.195022        0.582633        0.425254       -0.062559       -0.323199        0.210681        0.355079        0.427378        0.355079       -1.496628       -0.009834        3.881819        0.918500        0.640206        0.089597        0.142250        0.089587               0               0               0        1.000000               0               0               0        0.260012        0.279850       -0.016506       -0.024708        0.024657       -0.024698
em                         -0.748152        0.709713       -0.272034       -1.095483       -1.015679       -1.706140       -0.292630               0               0               0               0               0               0               0               0               0               0               0               0       -0.358833       -0.472307       -0.568475       -0.472307       -3.694549       -1.015679       -1.706140       -1.095483       -0.748152       -0.272034       -0.292630        0.709713               0               0               0               0        1.000000               0               0               0       -0.049281        1.039270        1.058362       -0.074864        0.074988
epinf                       0.282833        0.206199        1.969149        0.080459        0.419934       -0.038085       -1.796595               0        1.000000               0               0               0               0               0               0               0               0               0               0       -1.563848       -0.686945       -0.826816       -0.686945        1.806577        0.419934       -0.038085        0.080459        0.282833        1.969149       -1.796595        0.206199               0               0               0               0               0        1.000000               0               0       -0.001100       -1.043135       -2.308679        0.541910       -0.542808
ew                          0.910914        0.556047        1.603602        1.673127        1.133794        2.957044        2.295748        1.000000               0               0               0               0               0               0               0               0               0               0               0        2.165123        1.455183        1.751479        1.455183        5.602010        1.133794        2.957044        1.673127        0.910914        1.603602        2.295748        0.556047               0               0               0               0               0               0        1.000000               0        0.085413       -1.385326       -1.491333        0.441311       -0.442043
eps_s                       0.142910        0.065958        0.173459        0.205050        0.182358        0.351110        0.031856               0               0               0               0               0               0               0               0               0               0               0               0        0.047120        0.079309        0.095457        0.079309        0.583407        0.182358        0.351110        0.205050        0.142910        0.173459        0.031856        0.065958               0               0               0               0               0               0               0               0        0.010142       -0.148990        0.846163       -0.952264        0.953842
[Warning: Aggregate variance and sum of variances by shocks differ by more than
0.01 %] 
[> In <a href="matlab:matlab.internal.language.introspective.errorDocCallback('th_autocovariances', '/Applications/Dynare/4.5.6/matlab/th_autocovariances.m', 206)" style="font-weight:bold">th_autocovariances</a> (<a href="matlab: opentoline('/Applications/Dynare/4.5.6/matlab/th_autocovariances.m',206,0)">line 206</a>)
In <a href="matlab:matlab.internal.language.introspective.errorDocCallback('disp_th_moments', '/Applications/Dynare/4.5.6/matlab/disp_th_moments.m', 39)" style="font-weight:bold">disp_th_moments</a> (<a href="matlab: opentoline('/Applications/Dynare/4.5.6/matlab/disp_th_moments.m',39,0)">line 39</a>)
In <a href="matlab:matlab.internal.language.introspective.errorDocCallback('stoch_simul', '/Applications/Dynare/4.5.6/matlab/stoch_simul.m', 178)" style="font-weight:bold">stoch_simul</a> (<a href="matlab: opentoline('/Applications/Dynare/4.5.6/matlab/stoch_simul.m',178,0)">line 178</a>)
In <a href="matlab:matlab.internal.language.introspective.errorDocCallback('SW_CS', '/Users/herbertxin/Library/CloudStorage/Dropbox/HerbertXin/Codes/SW_ZLB/SW_CS.m', 648)" style="font-weight:bold">SW_CS</a> (<a href="matlab: opentoline('/Users/herbertxin/Library/CloudStorage/Dropbox/HerbertXin/Codes/SW_ZLB/SW_CS.m',648,0)">line 648</a>)
In <a href="matlab:matlab.internal.language.introspective.errorDocCallback('dynare', '/Applications/Dynare/4.5.6/matlab/dynare.m', 235)" style="font-weight:bold">dynare</a> (<a href="matlab: opentoline('/Applications/Dynare/4.5.6/matlab/dynare.m',235,0)">line 235</a>)] 


THEORETICAL MOMENTS
VARIABLE         MEAN  STD. DEV.   VARIANCE
labobs         0.5509     0.9982     0.9963
robs           2.7337     0.2906     0.0844
pinfobs        2.0000     0.2797     0.0782
dy             0.4000     0.3593     0.1291
dc             0.4000     0.3212     0.1032
dinve          0.4000     0.5801     0.3366
dw             0.4000     0.1525     0.0233
ewma           0.0000     0.0000     0.0000
epinfma        0.0000     0.0000     0.0000
zcapf          0.0000     0.0000     0.0000
rkf            0.0000     0.0000     0.0000
kf             0.0000     0.0000     0.0000
pkf            0.0000     0.0000     0.0000
cf             0.0000     0.0000     0.0000
invef          0.0000     0.0000     0.0000
yf             0.0000     0.0000     0.0000
labf           0.0000     0.0000     0.0000
wf             0.0000     0.0000     0.0000
rrf            0.0000     0.0000     0.0000
mc            -0.0000     0.9325     0.8695
zcap           0.0000     0.8032     0.6452
rk             0.0000     0.9668     0.9347
k              0.0000     1.2441     1.5478
pk             0.0000     1.2841     1.6488
c              0.0000     1.4608     2.1340
inve          -0.0000     2.7581     7.6071
y              0.0000     1.6260     2.6440
lab            0.0000     0.9982     0.9963
pinf           2.0000     0.2797     0.0782
w             -0.0000     0.9929     0.9859
r              0.0000     0.2906     0.0844
a              0.0000     0.0000     0.0000
b              0.0000     0.0000     0.0000
g              0.0000     0.0000     0.0000
qs             0.0000     0.0000     0.0000
ms             0.0000     0.2424     0.0587
spinf          0.0000     0.0000     0.0000
sw             0.0000     0.0000     0.0000
kpf            0.0000     0.0000     0.0000
kp            -0.0000     1.0734     1.1522
rr             0.7337     0.3788     0.1435
v             -0.0000     0.7824     0.6121
s              0.0000     0.2406     0.0579
vstar          0.0000     0.8736     0.7632



VARIANCE DECOMPOSITION (in percent)
               ea      eb      eg     eqs      em   epinf      ew   eps_s
labobs       0.00    0.00    0.00    0.00   92.78    0.00    0.00    7.22
robs         0.00    0.00    0.00    0.00   79.80    0.00    0.00   20.20
pinfobs      0.00    0.00    0.00    0.00   62.98    0.00    0.00   37.02
dy           0.00    0.00    0.00    0.00   96.07    0.00    0.00    3.93
dc           0.00    0.00    0.00    0.00   96.60    0.00    0.00    3.40
dinve        0.00    0.00    0.00    0.00   95.18    0.00    0.00    4.82
dw           0.00    0.00    0.00    0.00   93.67    0.00    0.00    6.33
ewma         0.00    0.00    0.00    0.00    0.00    0.00  100.00    0.00
epinfma      0.00    0.00    0.00    0.00    0.00  100.00    0.00    0.00
zcapf       24.50    0.00   21.72   53.76    0.01    0.00    0.00    0.00
rkf         24.50    0.00   21.72   53.76    0.01    0.00    0.00    0.00
kf          50.40    0.00    7.41   42.19    0.01    0.00    0.00    0.00
pkf         19.79    0.00    3.31   76.89    0.01    0.00    0.00    0.00
cf          47.33    0.00   35.23   17.41    0.02    0.00    0.00    0.00
invef       34.08    0.00    8.53   57.38    0.01    0.00    0.00    0.00
yf          86.45    0.00    5.17    8.38    0.00    0.00    0.00    0.00
labf         6.81    0.00   62.86   30.31    0.02    0.00    0.00    0.00
wf          89.48    0.00    3.02    7.48    0.01    0.00    0.00    0.00
rrf          2.27   95.56    0.49    1.06    0.57    0.00    0.00    0.06
mc           0.00    0.00    0.00    0.00   88.46    0.00    0.00   11.54
zcap         0.00    0.00    0.00    0.00   91.58    0.00    0.00    8.42
rk           0.00    0.00    0.00    0.00   91.58    0.00    0.00    8.42
k            0.00    0.00    0.00    0.00   85.54    0.00    0.00   14.46
pk           0.00    0.00    0.00    0.00   97.17    0.00    0.00    2.83
c            0.00    0.00    0.00    0.00   91.61    0.00    0.00    8.39
inve         0.00    0.00    0.00    0.00   89.82    0.00    0.00   10.18
y            0.00    0.00    0.00    0.00   91.38    0.00    0.00    8.62
lab          0.00    0.00    0.00    0.00   92.78    0.00    0.00    7.22
pinf         0.00    0.00    0.00    0.00   62.98    0.00    0.00   37.02
w            0.00    0.00    0.00    0.00   86.45    0.00    0.00   13.55
r            0.00    0.00    0.00    0.00   79.80    0.00    0.00   20.20
a           99.99    0.00    0.00    0.00    0.01    0.00    0.00    0.00
b            0.00   99.36    0.00    0.00    0.58    0.00    0.00    0.06
g           21.20    0.00   78.79    0.00    0.01    0.00    0.00    0.00
qs           0.00    0.00    0.00   99.99    0.00    0.00    0.00    0.01
ms           0.00    0.00    0.00    0.00  100.00    0.00    0.00    0.00
spinf        0.00    0.00    0.00    0.00    0.00   99.99    0.00    0.00
sw           0.00    0.00    0.00    0.00    0.04    0.00   99.95    0.00
kpf         36.68    0.00   12.59   50.72    0.01    0.00    0.00    0.00
kp           0.00    0.00    0.00    0.00   80.96    0.00    0.00   19.04
rr           0.00    0.00    0.00    0.00   98.10    0.00    0.00    1.90
v            0.00    0.00    0.00    0.00   90.03    0.00    0.00    9.97
s            0.00    0.00    0.00    0.00    6.45    0.00    0.00   93.55
vstar        0.00    0.00    0.00    0.00   48.70    0.00    0.00   51.30



MATRIX OF CORRELATIONS
Variables     labobs     robs  pinfobs       dy       dc    dinve       dw       mc     zcap       rk        k       pk        c     inve        y      lab     pinf        w        r       ms       kp       rr        v        s    vstar
labobs        1.0000  -0.1728   0.8044   0.1909   0.1952   0.2155   0.4880   0.9442   0.9182   0.9182   0.7946   0.6293   0.9462   0.9863   0.9838   1.0000   0.8044   0.8844  -0.1728  -0.2279   0.3003  -0.6620  -0.8591   0.2231  -0.2010
robs         -0.1728   1.0000   0.1114  -0.5955  -0.6146  -0.5694  -0.3935  -0.0750   0.0146   0.0146  -0.2274  -0.6560  -0.2739  -0.1355  -0.1966  -0.1728   0.1114  -0.0971   1.0000   0.6463  -0.2766   0.7071   0.4643  -0.0186   0.5482
pinfobs       0.8044   0.1114   1.0000   0.4232   0.4143   0.4549   0.6851   0.6797   0.8320   0.8320   0.4650   0.6515   0.6673   0.7619   0.7400   0.8044   1.0000   0.5841   0.1114  -0.2789  -0.0247  -0.6188  -0.6773   0.1718   0.4026
dy            0.1909  -0.5955   0.4232   1.0000   0.9976   0.9974   0.8622  -0.0544   0.2055   0.2055  -0.1106   0.8697   0.0999   0.0870   0.1105   0.1909   0.4232  -0.1304  -0.5955  -0.7939  -0.2674  -0.8191  -0.4375  -0.0009   0.2602
dc            0.1952  -0.6146   0.4143   0.9976   1.0000   0.9906   0.8371  -0.0360   0.2058   0.2058  -0.0892   0.8742   0.1099   0.0981   0.1200   0.1952   0.4143  -0.1077  -0.6146  -0.8208  -0.2427  -0.8265  -0.4367  -0.0030   0.2335
dinve         0.2155  -0.5694   0.4549   0.9974   0.9906   1.0000   0.8918  -0.0430   0.2354   0.2354  -0.1102   0.8741   0.1153   0.1052   0.1290   0.2155   0.4549  -0.1255  -0.5694  -0.7679  -0.2873  -0.8209  -0.4546   0.0010   0.2814
dw            0.4880  -0.3935   0.6851   0.8622   0.8371   0.8918   1.0000   0.1938   0.5291   0.5291   0.0417   0.8732   0.3383   0.3595   0.3780   0.4880   0.6851   0.0768  -0.3935  -0.5333  -0.3109  -0.8247  -0.6765   0.1693   0.2787
mc            0.9442  -0.0750   0.6797  -0.0544  -0.0360  -0.0430   0.1938   1.0000   0.8179   0.8179   0.9075   0.4272   0.9538   0.9843   0.9753   0.9442   0.6797   0.9842  -0.0750  -0.1228   0.5001  -0.4826  -0.7320   0.2054  -0.2868
zcap          0.9182   0.0146   0.8320   0.2055   0.2058   0.2354   0.5291   0.8179   1.0000   1.0000   0.5207   0.5552   0.7438   0.8718   0.8417   0.9182   0.8320   0.7031   0.0146  -0.1810  -0.0759  -0.5472  -0.7512   0.2426  -0.0815
rk            0.9182   0.0146   0.8320   0.2055   0.2058   0.2354   0.5291   0.8179   1.0000   1.0000   0.5207   0.5552   0.7438   0.8718   0.8417   0.9182   0.8320   0.7031   0.0146  -0.1810  -0.0759  -0.5472  -0.7512   0.2426  -0.0815
k             0.7946  -0.2274   0.4650  -0.1106  -0.0892  -0.1102   0.0417   0.9075   0.5207   0.5207   1.0000   0.3585   0.9392   0.8707   0.8905   0.7946   0.4650   0.9612  -0.2274  -0.1189   0.8117  -0.4476  -0.6431   0.1335  -0.3608
pk            0.6293  -0.6560   0.6515   0.8697   0.8742   0.8741   0.8732   0.4272   0.5552   0.5552   0.3585   1.0000   0.5706   0.5509   0.5774   0.6293   0.6515   0.3572  -0.6560  -0.7647   0.0410  -0.9915  -0.7769   0.0999   0.0028
c             0.9462  -0.2739   0.6673   0.0999   0.1099   0.1153   0.3383   0.9538   0.7438   0.7438   0.9392   0.5706   1.0000   0.9696   0.9862   0.9462   0.6673   0.9499  -0.2739  -0.2118   0.5886  -0.6356  -0.8229   0.1837  -0.3004
inve          0.9863  -0.1355   0.7619   0.0870   0.0981   0.1052   0.3595   0.9843   0.8718   0.8718   0.8707   0.5509   0.9696   1.0000   0.9960   0.9863   0.7619   0.9482  -0.1355  -0.1895   0.4207  -0.5959  -0.8128   0.2133  -0.2304
y             0.9838  -0.1966   0.7400   0.1105   0.1200   0.1290   0.3780   0.9753   0.8417   0.8417   0.8905   0.5774   0.9862   0.9960   1.0000   0.9838   0.7400   0.9463  -0.1966  -0.2058   0.4645  -0.6282  -0.8335   0.2066  -0.2571
lab           1.0000  -0.1728   0.8044   0.1909   0.1952   0.2155   0.4880   0.9442   0.9182   0.9182   0.7946   0.6293   0.9462   0.9863   0.9838   1.0000   0.8044   0.8844  -0.1728  -0.2279   0.3003  -0.6620  -0.8591   0.2231  -0.2010
pinf          0.8044   0.1114   1.0000   0.4232   0.4143   0.4549   0.6851   0.6797   0.8320   0.8320   0.4650   0.6515   0.6673   0.7619   0.7400   0.8044   1.0000   0.5841   0.1114  -0.2789  -0.0247  -0.6188  -0.6773   0.1718   0.4026
w             0.8844  -0.0971   0.5841  -0.1304  -0.1077  -0.1255   0.0768   0.9842   0.7031   0.7031   0.9612   0.3572   0.9499   0.9482   0.9463   0.8844   0.5841   1.0000  -0.0971  -0.0961   0.6413  -0.4281  -0.6736   0.1792  -0.3293
r            -0.1728   1.0000   0.1114  -0.5955  -0.6146  -0.5694  -0.3935  -0.0750   0.0146   0.0146  -0.2274  -0.6560  -0.2739  -0.1355  -0.1966  -0.1728   0.1114  -0.0971   1.0000   0.6463  -0.2766   0.7071   0.4643  -0.0186   0.5482
ms           -0.2279   0.6463  -0.2789  -0.7939  -0.8208  -0.7679  -0.5333  -0.1228  -0.1810  -0.1810  -0.1189  -0.7647  -0.2118  -0.1895  -0.2058  -0.2279  -0.2789  -0.0961   0.6463   1.0000  -0.0164   0.7370   0.3972  -0.0892   0.0289
